[mac.jpg]
filters=glow2=1,1.000000,250.000000;Orton=1,49.122807,94.152046,100.000000;Vignette=1,50.000000,1.204678,26.900583,00000000;
moddate=55217c5727cad101
width=900
height=600
textactive=0
